12.3497 3.12507 
-4.86908 13.033 
13.3805 5.88973 
-2.59821 1.13798 
-7.76739 8.91855 
3.13973 16.1391 
7.24178 15.3512 
-3.55491 1.34896 
6.61957 16.5012 
-4.49549 12.6796 
-4.03652 -1.12949 
-1.10073 -2.5727 
-5.15786 9.48094 
2.37129 16.8061 
13.0072 12.0138 
-4.7249 5.06463 
-5.70906 2.59747 
5.39936 -1.63538 
-4.79317 0.361461 
-8.01281 6.86919 
-6.32113 5.83045 
-6.67096 10.1521 
2.22107 15.3578 
8.55899 -3.78033 
-5.23366 7.6426 
-3.75097 -0.62404 
-4.53906 0.447904 
8.44752 13.5293 
4.13915 16.9977 
-0.782073 15.9484 
11.6551 12.2441 
1.16413 -2.6738 
7.46728 -2.96458 
11.4667 5.51565 
11.436 10.5326 
-1.13726 -2.72819 
8.70806 13.7853 
-0.146628 16.0886 
-5.00532 13.0314 
13.905 8.89447 
-2.93453 -1.79868 
-8.28262 5.5863 
-3.40116 12.3939 
12.0229 6.95329 
-0.637371 -3.79998 
-1.37749 14.5106 
13.0575 4.89157 
6.70292 -2.88959 
-6.07691 11.8609 
-7.32607 4.14679 
12.0422 7.04847 
12.2412 5.15968 
-7.81397 3.5883 
10.4621 1.74411 
5.9135 -0.701002 
13.5488 6.04042 
-6.67845 9.85823 
6.05504 16.1494 
10.2041 -0.336038 
12.0185 7.06603 
7.89764 0.594211 
14.198 10.4672 
6.59168 15.2378 
7.99413 -0.702752 
-1.21686 16.6387 
9.65835 -0.0997745 
9.08639 13.6901 
12.7348 4.99696 
3.29304 15.6437 
13.496 8.71599 
-6.73962 0.204828 
11.9571 1.11991 
7.16842 -1.29759 
13.1604 0.407115 
-4.99489 12.3042 
-7.00433 1.91975 
-2.37573 -0.930864 
8.56272 15.5927 
10.3277 -0.387283 
-6.05341 13.443 
6.82052 -2.43063 
6.73016 15.0835 
13.7096 6.8368 
10.3287 0.76501 
9.38885 -2.46973 
-6.17385 10.9719 
11.4798 10.6934 
-2.71537 3.12119 
12.239 6.11693 
-6.21807 9.84902 
8.21871 14.714 
11.6815 -0.307787 
8.64326 14.5812 
10.4961 7.46664 
10.8754 0.251208 
11.4268 4.1169 
1.35807 -3.93664 
1.49985 -1.38702 
-6.01628 4.7709 
-3.55894 0.832637 
